2222222222
2222222222
2222222222
2222222222
2222222222
2222222222
2222222222
2222222222
2222222222
2222222222
2222222222
2222222222
2222222222
2222222222
2222222222
2222222222
2222222222
2222222222
2222222222
2222222222
2222222222
2222222222
2222222222
2222222222
2222222222
2222222222
2222222222
2222222222
2222222222
2222222222
2222222222
2222222222
2222222222
2222222222
2222222222
2222222222
2222222222
2222222222
2222222222
2222222222
2222222222
2222222222
2222222222
2222222222
2222222222
2222222222
2222222222
2222222222
2222222222
2222222222
2222222222
2222222222
2222222222
2222222222
2222222222
2222222222
2222222222
2222222222
2222222222
2222222222
2222222222
2222222222
2222222222
2222222222
2222222222
2222222222
2222222222
2222222222
2222222222
2222222222
2222222222
2222222222
2222222222
2222222222
2222222222
2222222222
2222222222
2222222222
1121122212
1121211222
1121221212
1121221222
1121221222
1121221222
1121221222
1121221222
1122112122
1122112212
1122121212
1122122112
1122122122
1122122212
1122122122
1122122212
1122122122
1122122212
1122122122
1122122212
1122122212
1122122122
1122122212
0020220222
0020220222
0020220222
0020220222
0022022022
0022022202
0022022022
0022022202
0022022022
0022022202
0022022022
0022022202
2122212111
2122211121
2122112211
2122112221
2122122211
2122212121
2122212211
2122222111
2121222111
2121221121
2121212211
2121212121
2121212221
2121211221
2121212221
2121222121
2121222211
2121221221
2121222121
2121121221
2121122221
2121221221
2121222121
2122212121
2122212211
2122211221
2122212121
2122222111
2122221121
2122121221
2122221121
1111111111
1111111111
1111111111
1111111221
1111112121
1111112211
1111111111
1111111221
1111111111
1111112211
1111121121
1111121211
1111121211
1111122111
1111111111
1111111221
1111111111
1111121121
1111121211
1111211121
1111211211
1111211121
1111211211
1111221111
1111221111
1111221221
1111111111
1111111111
1111112211
1111111111
1111121211
1111122111
1111111111
1111221111
1112111211
1112112111
1112111211
1112112111
1112121111
1112121111
1112122211
1112121111
1112211111
0120001121
0120001211
0120002111
0120010121
0120010211
0120011201
0120012101
0120020111
0120021101
0120100211
0120110021
0120110201
0120120011
0120120221
0120200111
0120210011
0120210101
0120210221
0120220121
0120220211
0121001201
0121002101
0121010201
0121012001
0121020101
0121021001
0121022201
0121120001
0121210001
0122001101
0122010101
0122011001
0122012201
0122021201
0122022101
0122110001
2222002020
2222002200
2222022000
2222202000
2220202020
2220202200
2220200220
2220202020
2220222000
2220220020
2220020220
2220022020
2220220020
2222202000
2222200020
2222020020
1201110020
1201110200
1201112000
1201101020
1201100210
1201102010
1201121000
1201120010
1201011020
1201011200
1201001120
1201001210
1201021100
1201021010
1201021220
1201211000
1201201010
1201201220
1201221020
1201221200
1200110210
1200112010
1200101210
1200102110
1200121010
1200120110
1200122210
1200021110
1200201110
1202110010
1202101010
1202100110
1202102210
1202120210
1202122010
1202001110
0220000000
0220000000
0220000000
0220000000
0220000000
0220000220
0220020020
0220020200
0220200020
0220200200
0220220000
0220000000
0220000000
0220000000
0220002200
0220020200
0220022000
0222000200
0222002000
0222020000
2222222222
2222222222
2222222222
2222222222
2222222222
2222222222
2222222112
2222221212
2222212212
2222212122
2222211222
2222222222
2222221122
2222121222
2221222212
2221222122
2221222212
2221221222
2221212222
2221212222
2221222122
2221221222
2221122222
2121111222
2121112122
2121112212
2121112112
2121111212
2121111122
2121122112
2121121112
2121112112
2121111122
2121221112
2122111122
2122111112
2122121112
2122111112
2122111112
2122211112
2122111112
2121112112
2121111122
2121121112
2121121112
2121111122
2121112112
2121111112
2121211112
2121121112
2010002212
2010002122
2010001222
2010022012
2010021022
2010012022
2012001022
2012020012
2012021002
2012010022
2012011012
2012210002
2012120002
2011002022
2011020022
2011022002
2011021012
2011012012
2011011022
2011220002
1122222111
1122221211
1122221121
1122221111
1122221111
1122221111
1122212211
1122212121
1122212111
1122212111
1122212111
1122121221
1122121121
1122112221
1122121121
1122121121
1121222211
1121222121
1121222111
1121221121
1121212221
1121212211
1121212121
1121122221
1121122121
1121121221
1121112221
1121222111
1121222111
1121221121
1121221121
1121212211
1121212121
1121212211
1121212121
1121212111
1121122121
1121121221
1121112221
1121122121
1121121221
1121121121
1121112221
1110000111
1110000111
1110001011
1110001101
1110001011
1110001101
1110001111
1110110001
1110110001
1111010001
1111100001
1111010001
1111100001
1111110001
0122220010
0122220100
0122221000
0122202010
0122202100
0122212000
0122020120
0122021020
0122120020
0120222010
0120222100
0120221020
0120202210
0120202120
0120212200
0120212020
0120212110
0120022120
0120021220
0120012220
0120122020
0120121120
0120102220
0121222000
0121220020
0121202200
0121202020
0121202110
0121212010
0121212100
0121022020
0121020220
0121021120
0121002220
0121120120
0121121020
0101111010
0101111100
0101110110
0101110110
0101111100
0101111010
0101111110
0101011110
0101101110
0100111110
0100111110
0101101110
0101011110
0101111110
0110000000
0110000000
0110000000
0110000110
0110001010
0110001100
0110000000
0110000000
0110000000
0110110000
0111010000
0111100000
0222222202
0222222022
0222222202
0222220222
0222202222
0222202222
0222222022
0222220222
0222022222
0220222222
0220222222
0220222222
0121112202
0121112022
0121110222
0121122102
0121102122
0122112102
0122110122
0122121102
0122120112
0122101122
0122102112
0122100102
0122201112
0122021112
0120112122
0120122112
0120120102
0120102102
0120100122
0120221112
0000022022
0002002022
0002020022
0002022002
0002020002
0002002002
0002000022
0000022002
0000020022
0000002022
0122221101
0122221011
0122220111
0122212101
0122212011
0122202111
0122121021
0122021121
0121222101
0121222011
0121221021
0121220121
0121212201
0121212021
0121202211
0121202121
0121202001
0121122021
0121120221
0121102221
0121022121
0121021221
0121020021
0121012221
0120222111
0120221121
0120212211
0120212121
0120212001
0120202101
0120202011
0120121221
0120120021
0120112221
0120021021
0120020121
0111111101
0111111011
0111111101
0111111011
0111110111
0111110111
0111110001
0111101111
0111011111
0111101111
0111011111
0110111111
0110111111
0110001111
0100000111
0100001011
0100001101
0100001001
0100000101
0100000011
0100110001
0101010001
0101100001
0101000001
0100100001
0100010001
0022202000
0022020020
0020222000
0020220020
0020202200
0020202020
0020202000
0020202000
0020202000
0020022020
0020020220
0020020020
0020020020
0020020020
0020202000
0020202000
0020202000
0020020020
0020020020
0020020020
0001111000
0001110100
0001110010
0001110000
0001110000
0001110000
0001001110
0000101110
0000011110
0000001110
0000001110
0000001110
0000000000
0000000000
0000000000
0000000000
0000000000
0000000000
1121122222
1121122222
1121122222
1121212222
1121212222
1121222122
1121222212
1121222122
1121222122
1121222212
1121222222
1121212222
1121222122
1121222222
1122121222
1122212122
1122212212
1122221122
1122221212
1122222112
1122222112
1122221122
1122112222
1122121222
1122122222
1122212122
1122212212
1122212222
1122221122
1122222112
1122222122
1122222212
1122221222
1122222122
0020022222
0020202222
0020222222
0022002222
0022220022
0022220202
0022220222
0022222002
0022222022
0022222202
0022022222
0022202222
2122221112
2122121122
2122122112
2122112122
2122121122
2122122122
2122221112
2121122122
2121112222
2121112222
2121112222
2121122122
2122221112
2122122112
2122122122
2122112122
2122122122
2122122122
1111112112
1111111122
1111111212
1111112112
1111121112
1112111112
1112111112
1112111112
0120101102
0120102122
0120122102
0121100102
0122100122
0122102102
0122120102
2222200002
2222020002
2222220002
2220220002
2220002202
2220002022
2220002222
2220000222
2220002222
2220002222
2222220002
2222220002
1201100102
1201102202
1201010102
1201010012
1201010222
1201000112
1201020122
1201020212
1201202102
1200101102
1200010112
1202101202
1202102102
1202010122
1202010212
1202020112
1202201102
0220020002
0220200002
0220000022
0220000202
0220002002
0222000002
2222212221
2222222121
2222221221
2222222121
2222221221
2222212221
2222212221
2222211121
2222122221
2222222211
2222222121
2222222121
2222212221
2222212111
2222222121
2222222211
2222221221
2222222211
2222222121
2222221221
2222212221
2222212221
2222122221
2222122111
2222122221
2222112211
2222112121
2221222221
2221222221
2221222221
2221221121
2221222221
2221212121
2221211221
2121121121
2121211121
2121212111
2121212111
2121211121
2121211121
2121212111
2121121121
2122112111
2122112111
2121211121
2121212111
2010200221
2010202021
2010201121
2010220021
2010210121
2010211021
2012002201
2012002111
2012012101
2012200021
2012202001
2012102011
2012102101
2012112001
2011200121
2011201021
2011210021
1122122111
1122122111
1122121211
1122112211
1122112121
1121221211
1121211221
1121122211
1111111111
1111111111
1111111111
1111111111
1111111111
1111111111
1111111111
1111111111
1111111111
1111111111
1111111111
1111111111
1111111111
1111111111
1111111111
1111111111
1111111111
1111111111
1111111111
1111111111
1111111111
1111111111
1111111111
1111111111
1111111111
1111111111
1111111111
1111111111
1111111111
1111111111
1111111111
1111111111
1111111111
1111111111
1111111111
1111111111
1110100011
1110100101
1111001001
0122022001
0122020201
0122021101
0122002201
0122012101
0122011201
0120220201
0120220111
0120200221
0120210211
0120210121
0120022201
0120120211
0120110221
0121022101
0121021201
0121012201
0101101101
0101011101
0101010111
0100110111
0110000101
0110001001
0110010001
0110000011
0110000101
0110010001
0110100001
0111000001
0222222220
0222222220
0222002220
0222222220
0222222220
0222222220
0222222000
0222222220
0222220200
0222220020
0220202220
0220022220
0121121220
0121120020
0121212120
0121212210
0121212000
0121221120
0121222110
0121202100
0121202010
0121021020
0121020120
0122212110
0120121020
0120212100
0120212010
0120202110
0120021120
0000002220
0000002220
0002220000
0002220000
0002220000
0000002220
0122122110
0122120100
0122112120
0122102100
0122100120
0120122100
0120102120
0111111110
0111111110
0111111110
0100100100
0100100100
0100100100
0100100100
0022200000
0022020000
0020002200
0020002020
0020000220
0020220000
0001101000
0001100100
0001010100
0001010010
0001000110
0001001100
0000101100
0000010110
1122111222
1122211122
1122211212
2122211212
2122121212
2122111222
2121221212
2121122212
1111111112
2222222221
2222222221
2222222221
2121121211
2121211211
2122111211
1122211221
